{
 "cells": [
  {
   "cell_type": "code",
   "execution_count": 38,
   "id": "776e161f",
   "metadata": {},
   "outputs": [],
   "source": [
    "import math\n",
    "import os\n",
    "import numpy as np\n",
    "import pandas as pd\n",
    "import matplotlib.pyplot as plt\n",
    "from sklearn.decomposition import PCA\n",
    "from sklearn.preprocessing import StandardScaler"
   ]
  },
  {
   "cell_type": "code",
   "execution_count": 39,
   "id": "88f0ba8e",
   "metadata": {},
   "outputs": [],
   "source": [
    "rotation_axis = 'roll'\n",
    "test_num = 1\n",
    "data_dir = f'data/{rotation_axis}/test_{test_num}'"
   ]
  },
  {
   "cell_type": "markdown",
   "id": "d0b78060",
   "metadata": {},
   "source": [
    "# Function Libs"
   ]
  },
  {
   "cell_type": "code",
   "execution_count": 40,
   "id": "62200b99",
   "metadata": {},
   "outputs": [],
   "source": [
    "def load_data(data_dir):\n",
    "    raw_data = pd.read_csv(os.path.join(data_dir, 'raw_data.csv'), header=None).to_numpy().reshape(-1, 18)\n",
    "    raw_data_force = pd.read_csv(os.path.join(data_dir, 'raw_data.csv'), usecols=lambda x: x not in [3, 4, 5, 9, 10, 11, 15, 16, 17], header=None).to_numpy().reshape(-1, 9)\n",
    "    transformed_data = pd.read_csv(os.path.join(data_dir, 'transformed_data.csv'), usecols=lambda x: x not in [3, 4, 5, 9, 10, 11, 15, 16, 17], header=None).to_numpy().reshape(-1, 9)\n",
    "    return raw_data, raw_data_force, transformed_data"
   ]
  },
  {
   "cell_type": "code",
   "execution_count": 41,
   "id": "29373f0f",
   "metadata": {},
   "outputs": [],
   "source": [
    "def pca_analysis(data, n_components=9, force_threshold=0.1):\n",
    "    if n_components == 9:\n",
    "        s1_force = data[:, 0:3]\n",
    "        s2_force = data[:, 3:6]\n",
    "        s3_force = data[:, 6:9]\n",
    "        s1_norm_force = np.linalg.norm(s1_force, axis=1).reshape(-1, 1)\n",
    "        s2_norm_force = np.linalg.norm(s2_force, axis=1).reshape(-1, 1)\n",
    "        s3_norm_force = np.linalg.norm(s3_force, axis=1).reshape(-1, 1)\n",
    "        mask_indexes = []\n",
    "        for i in range(s1_norm_force.shape[0]):\n",
    "            if s1_norm_force[i] < force_threshold and s2_norm_force[i] < force_threshold and s3_norm_force[i] < force_threshold:\n",
    "                mask_indexes.append(i)\n",
    "        data_filtered = np.delete(data, mask_indexes, axis=0)\n",
    "    pca = PCA(n_components=n_components)\n",
    "    principal_components = pca.fit_transform(data_filtered)\n",
    "    return pca.components_"
   ]
  },
  {
   "cell_type": "markdown",
   "id": "0fa6a180",
   "metadata": {},
   "source": [
    "# Analysis"
   ]
  },
  {
   "cell_type": "code",
   "execution_count": 42,
   "id": "3daabba8",
   "metadata": {},
   "outputs": [],
   "source": [
    "raw_data, raw_data_force, transformed_data = load_data(data_dir)"
   ]
  },
  {
   "cell_type": "code",
   "execution_count": 43,
   "id": "b5c74989",
   "metadata": {},
   "outputs": [],
   "source": [
    "raw_force_pca = pca_analysis(raw_data_force, raw_data_force.shape[1])"
   ]
  },
  {
   "cell_type": "code",
   "execution_count": 45,
   "id": "0e20bc2f",
   "metadata": {},
   "outputs": [
    {
     "data": {
      "text/plain": [
       "array([[-0.01382053, -0.02544474, -0.07955074, -0.61331949,  0.76560084,\n",
       "        -0.15521122,  0.01193623,  0.00690936, -0.07903841],\n",
       "       [-0.03546007,  0.02130313, -0.02705351,  0.76972407,  0.62744879,\n",
       "         0.09228188,  0.01945422, -0.01369663, -0.04803881],\n",
       "       [-0.0213309 ,  0.02663795, -0.0562114 , -0.16809144,  0.05250506,\n",
       "         0.98011074, -0.00139888, -0.01578794, -0.06161088],\n",
       "       [ 0.08277871,  0.05178378,  0.67845049, -0.04009851,  0.12943747,\n",
       "         0.06833094, -0.18241944, -0.01052309,  0.68829674],\n",
       "       [-0.32143388, -0.4214111 ,  0.07043934,  0.00616521, -0.00156935,\n",
       "         0.02970563,  0.45220201,  0.7014465 ,  0.1292072 ],\n",
       "       [ 0.5675964 ,  0.27971169, -0.5024795 ,  0.00975979,  0.0202757 ,\n",
       "         0.01034375,  0.26936797,  0.21671179,  0.47641746],\n",
       "       [ 0.58581295, -0.53053573,  0.04226166,  0.03384589,  0.0139394 ,\n",
       "         0.02610216, -0.49197434,  0.29833199, -0.20126369],\n",
       "       [ 0.37092754,  0.44003551,  0.50453542, -0.01475813,  0.00408295,\n",
       "        -0.00336556,  0.35347393,  0.24429503, -0.4789111 ],\n",
       "       [ 0.29153867, -0.51437559,  0.12528213,  0.00219782,  0.00529084,\n",
       "         0.02062242,  0.5676019 , -0.55832915,  0.01912811]])"
      ]
     },
     "execution_count": 45,
     "metadata": {},
     "output_type": "execute_result"
    }
   ],
   "source": [
    "raw_force_pca"
   ]
  }
 ],
 "metadata": {
  "kernelspec": {
   "display_name": "nidaq",
   "language": "python",
   "name": "python3"
  },
  "language_info": {
   "codemirror_mode": {
    "name": "ipython",
    "version": 3
   },
   "file_extension": ".py",
   "mimetype": "text/x-python",
   "name": "python",
   "nbconvert_exporter": "python",
   "pygments_lexer": "ipython3",
   "version": "3.10.18"
  }
 },
 "nbformat": 4,
 "nbformat_minor": 5
}
